100
2
0.2500 0.5000 0.5000 0.2500
3
0.0000 0.0000 0.0000 0.0009 0.0013 0.1776
1
1.0000 0.1234
3
0.0937 0.4878 0.1723 0.1093 0.2664 0.0024
2
0.5002 0.5000 0.4999 0.5001
40
0.3115 0.2900 0.1898 0.2403 0.2543 0.2926 0.1383 0.0418 0.0143 0.3766 0.0284 0.0842 0.1197 0.0575 0.3348 0.0137 0.0552 0.1115 0.1242 0.2217 0.0091 0.3249 0.1042 0.1805 0.0213 0.3255 0.0925 0.0816 0.1689 0.2955 0.2259 0.1522 0.1031 0.0972 0.0166 0.1107 0.1001 0.1723 0.3527 0.1945 0.2973 0.1534 0.3583 0.2528 0.0335 0.2093 0.0455 0.1850 0.1528 0.3776 0.3198 0.0717 0.2830 0.2781 0.2965 0.1504 0.3727 0.0192 0.0759 0.2171 0.1956 0.3763 0.3401 0.1594 0.1636 0.1777 0.1576 0.0746 0.0716 0.0869 0.2892 0.0731 0.3274 0.2301 0.1553 0.0409 0.2481 0.0448 0.1351 0.2290
15
0.1648 0.3146 0.1193 0.4545 0.4271 0.0347 0.3220 0.1313 0.2264 0.0803 0.1266 0.2724 0.3505 0.4663 0.2441 0.1192 0.3061 0.4650 0.4780 0.3554 0.2598 0.1226 0.1914 0.0948 0.1871 0.1493 0.4677 0.4333 0.3867 0.2424
40
0.2627 0.2048 0.2137 0.3757 0.0010 0.1328 0.3216 0.3718 0.1955 0.3524 0.2672 0.3374 0.2833 0.3987 0.0594 0.1068 0.0145 0.0667 0.1752 0.3176 0.0203 0.3097 0.3659 0.0717 0.1417 0.0208 0.0611 0.0926 0.3664 0.1829 0.0946 0.0575 0.3375 0.0931 0.3354 0.1786 0.0504 0.3689 0.2845 0.2209 0.2798 0.1060 0.1789 0.1917 0.2899 0.3547 0.0879 0.2325 0.1475 0.2059 0.1202 0.3735 0.0957 0.2237 0.3687 0.0113 0.1726 0.1383 0.0042 0.3664 0.0006 0.0491 0.2258 0.3926 0.0321 0.2278 0.2010 0.0769 0.1805 0.3938 0.2744 0.3113 0.3737 0.3516 0.3942 0.1014 0.0264 0.1621 0.3378 0.1936
29
0.1196 0.2825 0.3785 0.1238 0.2743 0.3298 0.0127 0.3242 0.0991 0.1007 0.0650 0.4778 0.3029 0.3045 0.2491 0.0869 0.1360 0.3979 0.3900 0.3670 0.1029 0.3385 0.3507 0.2189 0.2337 0.2822 0.4044 0.3839 0.4196 0.2606 0.0613 0.1272 0.4344 0.4502 0.0511 0.0640 0.0702 0.4664 0.1671 0.0330 0.4198 0.3685 0.2175 0.2221 0.0538 0.3856 0.0576 0.1754 0.2690 0.1076 0.3391 0.4677 0.0658 0.1630 0.2661 0.0450 0.0598 0.4812
30
0.2376 0.4851 0.5446 0.0792 0.5347 0.2574 0.1683 0.5248 0.0891 0.1485 0.3465 0.4257 0.4950 0.2178 0.0297 0.4356 0.0396 0.3861 0.1881 0.3762 0.2871 0.0990 0.3168 0.4158 0.3663 0.1188 0.0594 0.5941 0.4554 0.3366 0.5050 0.0693 0.0099 0.3267 0.2277 0.2772 0.3960 0.2079 0.5149 0.4455 0.1584 0.4752 0.2673 0.0198 0.3564 0.4059 0.5545 0.0495 0.3069 0.5644 0.1089 0.5842 0.1287 0.2970 0.4653 0.5743 0.1782 0.2475 0.1980 0.1386
2
0.9999 0.9999 1.0000 1.0000
21
0.4188 0.4264 0.0607 0.3604 0.1991 0.4176 0.1010 0.2865 0.2201 0.0433 0.1270 0.3519 0.0999 0.0684 0.3874 0.1974 0.0575 0.3914 0.3513 0.1206 0.1944 0.2906 0.3151 0.3046 0.0199 0.2151 0.0375 0.0115 0.2231 0.4408 0.1259 0.1711 0.1587 0.3533 0.4353 0.1353 0.2848 0.2379 0.3589 0.1558 0.3202 0.1091
1
1.0000 1.0000
40
0.4000 0.0300 0.0400 0.3400 0.3100 0.2100 0.1700 0.2300 0.1900 0.2200 0.2950 0.2650 0.2900 0.3550 0.1300 0.3750 0.1250 0.2250 0.3050 0.2600 0.3500 0.2800 0.2450 1.0000 0.2500 0.1500 0.3850 0.1950 0.1150 0.0350 0.0750 0.1550 0.2350 0.1100 0.0450 0.2000 0.0250 0.1450 0.3650 0.2750 0.3800 0.1000 0.0550 0.3900 0.0150 0.0950 0.2050 0.3150 0.3250 0.0700 0.1650 0.3450 0.0500 0.0600 0.1800 0.0200 0.3000 0.1750 0.3300 0.0100 0.1050 0.1200 0.0900 0.1850 0.2550 0.1350 0.2700 0.3600 0.0650 0.2850 0.3700 0.2150 0.1400 0.0800 0.3200 0.0850 0.3350 0.3950 0.2400 0.1600
2
0.0002 0.0003 0.0004 0.0001
40
0.0010 0.0010 0.0010 0.0010 0.0010 0.0010 0.0010 0.0010 0.0010 0.0010 0.0010 0.0010 0.0010 0.0010 0.0010 0.0010 0.0010 0.0010 0.0010 0.0010 0.0010 0.0010 0.0010 0.0010 0.0010 0.0010 0.0010 0.0010 0.0010 0.0010 0.0010 0.0010 0.0010 0.0010 0.0010 0.0010 0.0010 0.0010 0.0010 0.0010 0.0010 0.0010 0.0010 0.0010 0.0010 0.0010 0.0010 0.0010 0.0010 0.0010 0.0010 0.0010 0.0010 0.0010 0.0010 0.0010 0.0010 0.0010 0.0010 0.0010 0.0010 0.0010 0.0010 0.0010 0.0010 0.0010 0.0010 0.0010 0.0010 0.0010 0.0010 0.0010 0.0010 0.0010 0.0010 0.0010 0.0010 0.0010 0.0010 0.0010
12
0.0355 0.4727 0.3650 0.0278 0.4884 0.3745 0.2203 0.0720 0.4621 0.4572 0.0796 0.2270 0.1491 0.2345 0.1978 0.4834 0.1304 0.3016 0.2023 0.1507 0.2653 0.3542 0.0931 0.1562
40
0.3000 0.2000 0.4000 0.4000 0.2000 0.3000 0.4000 0.3000 0.2000 0.4000 0.2000 0.4000 0.4000 0.3000 0.2000 0.2000 0.2000 0.4000 0.2000 0.2000 0.3000 0.2000 0.2000 0.4000 0.2000 0.4000 0.3000 0.4000 0.4000 0.2000 0.4000 0.3000 0.2000 0.4000 0.3000 0.2000 0.2000 0.2000 0.4000 0.4000 0.2000 0.2000 0.4000 0.4000 0.3000 0.2000 0.3000 0.4000 0.3000 0.3000 0.4000 0.3000 0.4000 0.3000 0.4000 0.4000 0.4000 0.4000 0.2000 0.4000 0.2000 0.4000 0.3000 0.2000 0.3000 0.4000 0.2000 0.2000 0.4000 0.4000 0.2000 0.3000 0.3000 0.2000 0.4000 0.2000 0.3000 0.2000 0.3000 0.2000
40
0.1239 0.1232 0.1237 0.1237 0.1234 0.1231 0.1232 0.1230 0.1236 0.1238 0.1235 0.1234 0.1238 0.1236 0.1231 0.1233 0.1230 0.1233 0.1235 0.1234 0.1238 0.1235 0.1231 0.1234 0.1235 0.1230 0.1235 0.1235 0.1236 0.1238 0.1235 0.1232 0.1232 0.1238 0.1235 0.1230 0.1236 0.1236 0.1238 0.1237 0.1232 0.1231 0.1237 0.1230 0.1237 0.1230 0.1231 0.1234 0.1233 0.1232 0.1233 0.1238 0.1234 0.1237 0.1236 0.1238 0.1237 0.1230 0.1236 0.1231 0.1233 0.1230 0.1239 0.1231 0.1234 0.1236 0.1237 0.1232 0.1237 0.1236 0.1237 0.1232 0.1238 0.1230 0.1233 0.1237 0.1234 0.1230 0.1238 0.1231
40
0.0002 0.0002 0.0002 0.0002 0.0002 0.0002 0.0002 0.0002 0.0002 0.0002 0.0002 0.0002 0.0002 0.0002 0.0002 0.0002 0.0002 0.0002 0.0002 0.0002 0.0002 0.0002 0.0002 0.0002 0.0002 0.0002 0.0002 0.0002 0.0002 0.0002 0.0002 0.0002 0.0002 0.0002 0.0002 0.0002 0.0002 0.0002 0.0002 0.0002 0.0002 0.0002 0.0002 0.0002 0.0002 0.0002 0.0002 0.0002 0.0002 0.0002 0.0002 0.0002 0.0002 0.0002 0.0002 0.0002 0.0002 0.0002 0.0002 0.0002 0.0002 0.0002 0.0002 0.0002 0.0002 0.0002 0.0002 0.0002 0.0002 0.0002 0.0002 0.0002 0.0002 0.0002 0.0002 0.0002 0.0002 0.0002 0.0002 0.0002
20
0.1433 0.4455 0.3357 0.0548 0.3569 0.3385 0.4967 0.2064 0.4749 0.0287 0.2181 0.4686 0.0852 0.2365 0.4388 0.4358 0.0574 0.4670 0.3660 0.1002 0.3824 0.3404 0.1005 0.3118 0.3007 0.2967 0.1877 0.2169 0.0860 0.2857 0.3380 0.0684 0.0820 0.1454 0.4919 0.4094 0.2254 0.4155 0.0009 0.3379
36
0.1059 0.0149 0.4579 0.4730 0.0826 0.4396 0.4806 0.2523 0.3154 0.0887 0.0137 0.2775 0.0684 0.1818 0.3336 0.3059 0.4784 0.3525 0.3151 0.2069 0.0267 0.3284 0.0531 0.4064 0.4489 0.4509 0.0487 0.0082 0.3215 0.1283 0.1417 0.3435 0.1705 0.4682 0.3245 0.2246 0.4745 0.0757 0.3037 0.4675 0.1433 0.4929 0.4019 0.0386 0.3862 0.0169 0.1765 0.1591 0.1562 0.3469 0.0150 0.1653 0.0581 0.0724 0.3352 0.1183 0.2316 0.3331 0.3766 0.0213 0.0175 0.2287 0.0172 0.1008 0.4479 0.2155 0.0447 0.2728 0.2681 0.3080 0.1834 0.4898
6
0.2579 0.1451 0.2197 0.2170 0.1582 0.4088 0.4983 0.1479 0.0226 0.1803 0.1948 0.4405
18
0.4444 0.2335 0.3412 0.4917 0.4174 0.0500 0.3434 0.4858 0.3544 0.3336 0.3168 0.0859 0.4360 0.3442 0.1250 0.1721 0.2917 0.0052 0.2675 0.3661 0.2590 0.2208 0.4947 0.3734 0.4184 0.2705 0.0333 0.4793 0.0347 0.3821 0.3899 0.0429 0.1963 0.2064 0.0508 0.4747
39
0.2831 0.4228 0.4678 0.3966 0.4194 0.2250 0.3177 0.0895 0.2693 0.1469 0.1220 0.3855 0.4994 0.3422 0.3965 0.3135 0.1089 0.1899 0.0275 0.0552 0.1616 0.4900 0.2141 0.3890 0.0535 0.4809 0.0889 0.0976 0.3827 0.0718 0.0467 0.2658 0.3249 0.1984 0.2818 0.1700 0.2657 0.0667 0.4287 0.3121 0.4055 0.3277 0.1935 0.3559 0.1215 0.4259 0.0339 0.0934 0.3870 0.1606 0.1784 0.2376 0.1398 0.0388 0.4931 0.1606 0.1421 0.3043 0.2913 0.4141 0.1483 0.2581 0.0557 0.4783 0.3543 0.3537 0.1209 0.2578 0.0041 0.1329 0.2838 0.3516 0.4963 0.2269 0.1309 0.4751 0.2318 0.3118
40
0.1238 0.1231 0.1231 0.1238 0.1239 0.1234 0.1237 0.1232 0.1239 0.1233 0.1231 0.1234 0.1239 0.1237 0.1231 0.1230 0.1238 0.1238 0.1235 0.1235 0.1232 0.1238 0.1238 0.1230 0.1232 0.1236 0.1234 0.1234 0.1233 0.1236 0.1239 0.1236 0.1238 0.1238 0.1235 0.1230 0.1237 0.1231 0.1234 0.1230 0.1237 0.1233 0.1232 0.1234 0.1237 0.1232 0.1236 0.1232 0.1238 0.1234 0.1234 0.1233 0.1236 0.1234 0.1237 0.1239 0.1231 0.1232 0.1236 0.1239 0.1233 0.1233 0.1237 0.1237 0.1239 0.1236 0.1232 0.1239 0.1239 0.1230 0.1237 0.1233 0.1235 0.1233 0.1237 0.1230 0.1232 0.1232 0.1238 0.1234
40
0.0244 0.1539 0.3140 0.0283 0.0225 0.0470 0.1939 0.0704 0.1559 0.2921 0.3075 0.3891 0.3704 0.2872 0.0007 0.3094 0.1371 0.3222 0.3852 0.2045 0.0151 0.0664 0.2915 0.1704 0.2252 0.2419 0.2328 0.1087 0.0991 0.1694 0.1815 0.1788 0.0672 0.3101 0.0203 0.1422 0.3999 0.1267 0.0723 0.2574 0.3552 0.0063 0.2108 0.1252 0.1050 0.2084 0.0137 0.2046 0.0447 0.0020 0.2594 0.3979 0.0925 0.2598 0.2193 0.1898 0.0813 0.3371 0.1535 0.0964 0.0749 0.0197 0.3091 0.2413 0.3372 0.3913 0.1146 0.2438 0.2886 0.2076 0.3661 0.1686 0.1983 0.2167 0.1490 0.0785 0.0628 0.3113 0.1003 0.3498
40
0.3313 0.2370 0.1301 0.2026 0.0834 0.1401 0.1102 0.2909 0.3948 0.2785 0.3380 0.0848 0.1315 0.3395 0.2047 0.1309 0.0131 0.0416 0.3646 0.3036 0.3041 0.0427 0.2638 0.0946 0.2072 0.2535 0.0016 0.0463 0.0904 0.3635 0.1898 0.0823 0.0533 0.2435 0.3986 0.0481 0.1914 0.3491 0.2906 0.2584 0.1772 0.3495 0.1518 0.2451 0.3413 0.0744 0.0206 0.1533 0.0028 0.0710 0.1981 0.1550 0.2874 0.0593 0.0649 0.3861 0.3352 0.1515 0.3858 0.0352 0.0784 0.1945 0.1863 0.1304 0.3351 0.0999 0.1608 0.1136 0.1217 0.3259 0.2224 0.0961 0.2488 0.3635 0.1684 0.0332 0.3675 0.3966 0.0522 0.0057
30
0.2542 0.4935 0.3747 0.2053 0.4752 0.1511 0.4456 0.4387 0.0621 0.0472 0.3032 0.1702 0.1435 0.2216 0.4193 0.4891 0.2962 0.3288 0.1512 0.3162 0.1192 0.1567 0.3576 0.3929 0.1812 0.2546 0.4169 0.1430 0.3908 0.1606 0.1696 0.4477 0.1822 0.3297 0.3570 0.3058 0.4931 0.1063 0.4018 0.1385 0.2481 0.2603 0.1982 0.1113 0.1230 0.2286 0.0898 0.1763 0.2829 0.3292 0.4275 0.4609 0.3614 0.2858 0.2896 0.0427 0.1566 0.3934 0.2428 0.0139
36
0.0916 0.4050 0.4341 0.4402 0.1442 0.4248 0.4741 0.1682 0.4137 0.2761 0.0126 0.0895 0.4716 0.3038 0.4062 0.2786 0.4864 0.3368 0.3824 0.4694 0.1929 0.0887 0.1252 0.3615 0.2205 0.1807 0.3887 0.0230 0.0748 0.3755 0.3772 0.0860 0.2537 0.0432 0.0734 0.0794 0.2816 0.0861 0.3185 0.4789 0.3150 0.1424 0.2375 0.4829 0.2681 0.2902 0.3195 0.1217 0.2065 0.3265 0.1384 0.1082 0.0503 0.1853 0.1135 0.4001 0.0955 0.1986 0.3494 0.0260 0.4594 0.0548 0.1671 0.0759 0.0455 0.1362 0.1377 0.4657 0.1465 0.1222 0.2573 0.0811
30
0.5014 0.5014 0.4999 0.4986 0.4996 0.4988 0.5012 0.5007 0.5005 0.5000 0.4995 0.4988 0.5005 0.4989 0.5009 0.5004 0.5007 0.4993 0.5006 0.4994 0.4995 0.4985 0.4993 0.5012 0.5000 0.5009 0.4991 0.4997 0.5006 0.4992 0.4985 0.5003 0.4992 0.4987 0.4994 0.4998 0.4998 0.5003 0.4990 0.5001 0.5008 0.4996 0.5010 0.5001 0.5004 0.5013 0.4986 0.5013 0.5008 0.5010 0.4991 0.4989 0.4990 0.4997 0.5002 0.4987 0.5011 0.5011 0.4999 0.5002
32
0.0691 0.1414 0.3000 0.2616 0.3827 0.0104 0.0853 0.1574 0.0795 0.3350 0.0305 0.2611 0.0000 0.3840 0.3251 0.3756 0.4605 0.2822 0.2590 0.4970 0.0481 0.3624 0.1302 0.3149 0.0502 0.0903 0.2112 0.0897 0.0456 0.1248 0.1747 0.4489 0.0212 0.1436 0.4807 0.4894 0.0248 0.0959 0.3111 0.2383 0.4342 0.0523 0.0794 0.2400 0.4567 0.4697 0.3683 0.4683 0.4786 0.4969 0.0854 0.2789 0.4791 0.0450 0.0121 0.0629 0.0845 0.2894 0.3992 0.3118 0.0944 0.1809 0.1622 0.0623
29
0.3189 0.0416 0.3439 0.4908 0.0995 0.1241 0.2607 0.1553 0.3702 0.3326 0.4127 0.2672 0.1866 0.2898 0.4624 0.4093 0.4622 0.0137 0.3269 0.3825 0.4176 0.3045 0.1736 0.3476 0.2364 0.4587 0.2505 0.4258 0.2137 0.3536 0.2143 0.4399 0.0086 0.3005 0.2115 0.4174 0.3066 0.2104 0.0393 0.4766 0.4865 0.0769 0.4005 0.1620 0.1882 0.3249 0.3552 0.3154 0.2886 0.0714 0.2192 0.2312 0.1005 0.4101 0.2904 0.0094 0.1195 0.2139
2
0.4999 0.5000 0.5000 0.5001
29
0.1269 0.4896 0.3719 0.0535 0.0404 0.1257 0.2869 0.3933 0.4854 0.2221 0.4919 0.3444 0.0869 0.3836 0.4650 0.2392 0.4995 0.0136 0.0640 0.1517 0.2486 0.3051 0.4224 0.2168 0.2901 0.3172 0.3437 0.1289 0.0254 0.4393 0.1918 0.0513 0.4381 0.4583 0.3276 0.1524 0.2180 0.4712 0.2786 0.1954 0.4094 0.4934 0.2953 0.4749 0.2728 0.0266 0.0711 0.1594 0.3785 0.3648 0.3188 0.2017 0.3625 0.2861 0.3253 0.3047 0.3710 0.4957
13
0.1116 0.0127 0.4870 0.1992 0.1019 0.2317 0.3861 0.4193 0.1852 0.3726 0.3501 0.2889 0.3446 0.0719 0.0139 0.0181 0.0587 0.2658 0.0261 0.2064 0.4075 0.2687 0.2027 0.1544 0.2500 0.2043
25
0.4192 0.0856 0.0789 0.0493 0.3034 0.3171 0.3041 0.4232 0.3113 0.2975 0.1880 0.2333 0.2337 0.4053 0.3628 0.1464 0.4879 0.3061 0.0517 0.1314 0.2194 0.3573 0.4265 0.0356 0.4172 0.3176 0.2874 0.4156 0.1238 0.1204 0.1860 0.0052 0.0375 0.1091 0.1442 0.2504 0.0252 0.4093 0.0890 0.3521 0.1579 0.1114 0.1983 0.3273 0.2841 0.3828 0.3531 0.4039 0.1118 0.4070
3
0.2032 0.3668 0.1903 0.0213 0.4147 0.0768
40
0.2537 0.2501 0.2535 0.2531 0.2526 0.2487 0.2489 0.2500 0.2534 0.2510 0.2517 0.2514 0.2530 0.2471 0.2511 0.2515 0.2481 0.2475 0.2493 0.2480 0.2490 0.2461 0.2477 0.2525 0.2529 0.2527 0.2509 0.2538 0.2476 0.2467 0.2462 0.2522 0.2497 0.2496 0.2479 0.2513 0.2499 0.2491 0.2502 0.2488 0.2460 0.2482 0.2518 0.2523 0.2492 0.2503 0.2474 0.2483 0.2465 0.2484 0.2532 0.2507 0.2498 0.2473 0.2516 0.2528 0.2485 0.2520 0.0000 0.2512 0.2521 0.2469 0.2536 0.2505 0.2470 0.2486 0.2533 0.2504 0.2524 0.2464 0.2463 0.2508 0.2519 0.2466 0.2495 0.2472 0.2478 0.2506 0.2494 0.2468
11
0.1312 0.3535 0.4411 0.4537 0.4726 0.4319 0.1986 0.2586 0.0535 0.0192 0.0680 0.2382 0.4217 0.3426 0.1609 0.2436 0.2124 0.4495 0.0661 0.4109 0.0608 0.4085
40
0.1639 0.2373 0.2960 0.3147 0.3451 0.1606 0.0855 0.3715 0.2140 0.3263 0.1859 0.3756 0.2894 0.1154 0.0305 0.0146 0.1339 0.2093 0.3796 0.2268 0.2443 0.1397 0.1385 0.2202 0.3089 0.0178 0.1730 0.0942 0.0951 0.3369 0.0602 0.0468 0.3683 0.1934 0.2755 0.2552 0.1722 0.0638 0.2458 0.1195 0.1091 0.2339 0.0019 0.2621 0.2675 0.0880 0.1713 0.1504 0.0109 0.1122 0.2177 0.0436 0.1940 0.1045 0.2919 0.3714 0.0288 0.0488 0.0127 0.3330 0.3404 0.1450 0.1656 0.3093 0.1054 0.0402 0.3879 0.3759 0.2277 0.1116 0.1869 0.0166 0.0490 0.1715 0.3244 0.1159 0.2230 0.1273 0.1792 0.0262
40
0.1605 0.0861 0.0387 0.1792 0.1423 0.0724 0.0264 0.1793 0.1791 0.3023 0.2474 0.2415 0.3376 0.3517 0.3435 0.3117 0.0783 0.2574 0.2664 0.0508 0.0574 0.3398 0.3749 0.2131 0.3178 0.1812 0.3192 0.0550 0.3311 0.3904 0.2862 0.3556 0.2235 0.3760 0.3195 0.1818 0.2350 0.3630 0.2416 0.0195 0.3485 0.3146 0.1856 0.2558 0.3421 0.3268 0.0759 0.3703 0.2580 0.2682 0.1967 0.3157 0.1655 0.3925 0.0604 0.2197 0.2380 0.1041 0.2156 0.2929 0.1575 0.0950 0.3857 0.0157 0.2579 0.1540 0.2887 0.3280 0.2886 0.1862 0.0886 0.0926 0.3065 0.1751 0.1875 0.1937 0.3293 0.3166 0.3764 0.3881
40
0.1238 0.1234 0.1233 0.1238 0.1235 0.1237 0.1234 0.1232 0.1235 0.1233 0.1232 0.1237 0.1238 0.1239 0.1230 0.1232 0.1238 0.1239 0.1239 0.1239 0.1230 0.1235 0.1238 0.1232 0.1234 0.1231 0.1230 0.1236 0.1231 0.1232 0.1238 0.1230 0.1239 0.1232 0.1230 0.1236 0.1231 0.1233 0.1233 0.1230 0.1234 0.1237 0.1238 0.1231 0.1230 0.1236 0.1230 0.1233 0.1235 0.1239 0.1233 0.1239 0.1239 0.1239 0.1230 0.1237 0.1230 0.1234 0.1231 0.1236 0.1233 0.1238 0.1239 0.1237 0.1236 0.1231 0.1236 0.1238 0.1236 0.1231 0.1234 0.1235 0.1233 0.1234 0.1232 0.1230 0.1234 0.1236 0.1232 0.1235
40
0.5288 0.5288 0.5288 0.5288 0.5288 0.5288 0.5288 0.5288 0.5288 0.5288 0.5288 0.5288 0.5288 0.5288 0.5288 0.5288 0.5288 0.5288 0.5288 0.5288 0.5288 0.5288 0.5288 0.5288 0.5288 0.5288 0.5288 0.5288 0.5288 0.5288 0.5288 0.5288 0.5288 0.5288 0.5288 0.5288 0.5288 0.5288 0.5288 0.5288 0.5288 0.5288 0.5288 0.5288 0.5288 0.5288 0.5288 0.5288 0.5288 0.5288 0.5288 0.5288 0.5288 0.5288 0.5288 0.5288 0.5288 0.5288 0.5288 0.5288 0.5288 0.5288 0.5288 0.5288 0.5288 0.5288 0.5288 0.5288 0.5288 0.5288 0.5288 0.5288 0.5288 0.5288 0.5288 0.5288 0.5288 0.5288 0.5288 0.5288
2
1.0000 1.0000 1.0000 0.9999
17
0.2824 0.1537 0.4548 0.3309 0.1912 0.4134 0.3670 0.1702 0.3940 0.0532 0.0128 0.0497 0.0338 0.2962 0.2978 0.1284 0.4704 0.3886 0.2215 0.0646 0.1672 0.4426 0.0822 0.2387 0.2998 0.1058 0.1320 0.1465 0.2935 0.3305 0.2438 0.2967 0.2291 0.2626
2
0.9999 1.0000 0.9997 0.9998
25
0.4974 0.1125 0.0447 0.4179 0.4043 0.2631 0.0653 0.0949 0.3272 0.1909 0.4155 0.4141 0.1240 0.3711 0.0326 0.3455 0.4296 0.1600 0.1622 0.4797 0.1794 0.4520 0.1502 0.3982 0.0504 0.4570 0.0158 0.4267 0.1075 0.1592 0.3908 0.4826 0.2859 0.3362 0.4520 0.2076 0.1752 0.0949 0.1521 0.0958 0.0799 0.3949 0.4173 0.3626 0.1269 0.4859 0.1440 0.3986 0.1657 0.0169
40
0.0385 0.0172 0.2200 0.0507 0.2367 0.2783 0.3831 0.3694 0.2146 0.3740 0.3866 0.1977 0.0277 0.2468 0.2508 0.3412 0.1884 0.1928 0.1292 0.3255 0.1820 0.0486 0.1316 0.3298 0.1198 0.1838 0.1789 0.1371 0.0562 0.1155 0.0021 0.0741 0.0160 0.3078 0.1113 0.0141 0.2852 0.2212 0.3204 0.0947 0.3869 0.1055 0.0261 0.3245 0.2791 0.1929 0.3151 0.3415 0.3123 0.3169 0.2930 0.2831 0.0644 0.2366 0.3637 0.0162 0.0883 0.1529 0.0085 0.1880 0.0484 0.0342 0.2201 0.0087 0.2898 0.3043 0.2954 0.1140 0.0215 0.3287 0.0066 0.3537 0.2265 0.0308 0.3200 0.1330 0.1693 0.0436 0.3189 0.1580
30
0.3546 0.1232 0.2474 0.4436 0.4315 0.2329 0.0679 0.4029 0.2452 0.2409 0.2258 0.3229 0.3104 0.1086 0.2686 0.2651 0.4395 0.1732 0.3509 0.3261 0.3563 0.0768 0.4794 0.0449 0.3075 0.0238 0.0740 0.3474 0.0500 0.1309 0.2381 0.3411 0.2748 0.2789 0.4665 0.4907 0.3302 0.0671 0.2783 0.1418 0.1028 0.2775 0.1805 0.0801 0.2574 0.0020 0.1010 0.4450 0.3928 0.4314 0.3668 0.1616 0.1200 0.2250 0.2984 0.2056 0.3788 0.1915 0.3039 0.0593
40
0.3545 0.3883 0.0771 0.1033 0.1391 0.3478 0.2971 0.1024 0.0330 0.0901 0.1502 0.3033 0.2616 0.2534 0.3731 0.0137 0.1422 0.2081 0.2802 0.1907 0.2640 0.2664 0.0584 0.2851 0.3484 0.0432 0.2944 0.3797 0.0755 0.1650 0.3259 0.0205 0.0054 0.1099 0.3713 0.0848 0.3993 0.2688 0.3037 0.0309 0.0577 0.1909 0.1609 0.2549 0.1548 0.1156 0.3634 0.2752 0.1793 0.2075 0.0026 0.0376 0.3510 0.2293 0.1379 0.1814 0.0607 0.0111 0.1974 0.3586 0.2293 0.1376 0.3324 0.1109 0.1965 0.1827 0.3341 0.3987 0.1425 0.0648 0.1514 0.2274 0.2690 0.2413 0.0470 0.1554 0.1122 0.1620 0.1123 0.0838
40
0.3345 0.1182 0.1488 0.1208 0.1973 0.3681 0.3035 0.1475 0.0642 0.3402 0.2412 0.1706 0.1413 0.0952 0.0507 0.2161 0.0759 0.0926 0.0343 0.2198 0.3591 0.0811 0.1548 0.1083 0.2541 0.3747 0.0698 0.3905 0.0970 0.3587 0.0617 0.0179 0.3220 0.2692 0.0831 0.1611 0.0571 0.2968 0.1669 0.2234 0.1127 0.0460 0.0705 0.0508 0.3255 0.2465 0.1193 0.1058 0.1402 0.3532 0.0370 0.0319 0.1095 0.3670 0.2542 0.2509 0.3702 0.3322 0.2613 0.0627 0.0237 0.2813 0.0963 0.2504 0.3401 0.3209 0.2099 0.0077 0.2222 0.3190 0.1364 0.3607 0.3222 0.1119 0.0401 0.0182 0.3075 0.1952 0.3599 0.0241
27
0.1286 0.3386 0.0995 0.2717 0.1210 0.3792 0.2708 0.3307 0.4300 0.3199 0.1183 0.2884 0.4183 0.2556 0.4312 0.0557 0.3487 0.0357 0.1705 0.4131 0.3965 0.0073 0.3818 0.3229 0.3517 0.4674 0.1534 0.1345 0.4825 0.0000 0.3746 0.3582 0.1303 0.1368 0.3225 0.3448 0.4187 0.2598 0.1790 0.3456 0.2337 0.2232 0.3326 0.3930 0.1271 0.2122 0.0742 0.1032 0.2614 0.1140 0.2470 0.1233 0.0476 0.1354
14
0.0173 0.0373 0.2046 0.4676 0.1222 0.1316 0.1796 0.2894 0.2150 0.1610 0.4167 0.0203 0.4202 0.4754 0.1093 0.0928 0.1273 0.4104 0.0106 0.3233 0.1430 0.0668 0.3718 0.3222 0.0201 0.0679 0.2658 0.1069
5
0.1572 0.0526 0.2490 0.0232 0.1765 0.3953 0.2817 0.2492 0.4245 0.3526
40
0.1785 0.2293 0.2895 0.0128 0.2759 0.0617 0.0759 0.0128 0.3818 0.0498 0.3509 0.3844 0.0761 0.0580 0.1381 0.3441 0.3454 0.0199 0.1066 0.2346 0.1182 0.2104 0.3080 0.1392 0.2940 0.1093 0.3067 0.1304 0.3522 0.0984 0.2821 0.3588 0.2362 0.1816 0.0740 0.2457 0.1600 0.3423 0.2843 0.1176 0.1034 0.1762 0.0936 0.3718 0.2638 0.0710 0.3221 0.0252 0.2282 0.2516 0.2327 0.1239 0.1981 0.1485 0.0548 0.0775 0.1350 0.3832 0.2871 0.1734 0.1856 0.1620 0.2926 0.3026 0.3386 0.1875 0.2678 0.0900 0.2939 0.0296 0.1892 0.3677 0.1922 0.3826 0.2523 0.1471 0.3943 0.0278 0.1419 0.3059
40
0.1311 0.1311 0.1311 0.1311 0.1311 0.1311 0.1311 0.1311 0.1311 0.1311 0.1311 0.1311 0.1311 0.1311 0.1311 0.1311 0.1311 0.1311 0.1311 0.1311 0.1311 0.1311 0.1311 0.1311 0.1311 0.1311 0.1311 0.1311 0.1311 0.1311 0.1311 0.1311 0.1311 0.1311 0.1311 0.1311 0.1311 0.1311 0.1311 0.1311 0.1311 0.1311 0.1311 0.1311 0.1311 0.1311 0.1311 0.1311 0.1311 0.1311 0.1311 0.1311 0.1311 0.1311 0.1311 0.1311 0.1311 0.1311 0.1311 0.1311 0.1311 0.1311 0.1311 0.1311 0.1311 0.1311 0.1311 0.1311 0.1311 0.1311 0.1311 0.1311 0.1311 0.1311 0.1311 0.1311 0.1311 0.1311 0.1311 0.1311
3
0.3226 0.2436 0.4943 0.3892 0.0615 0.4420
13
0.2665 0.4716 0.0573 0.1844 0.2947 0.2819 0.1106 0.1638 0.0501 0.4955 0.4791 0.4205 0.0149 0.2094 0.3403 0.1335 0.0743 0.3705 0.4781 0.1666 0.1382 0.2415 0.1131 0.0701 0.4971 0.1343
2
1.0000 0.5000 0.5000 0.0000
40
0.1000 0.2200 0.1350 0.0300 0.0900 0.2950 0.0850 0.1950 0.1500 0.2650 0.3900 0.2800 0.1450 0.1800 0.1200 0.3350 0.0000 0.1100 0.0600 0.2350 0.2250 0.3550 0.3450 0.2500 0.1050 0.3950 0.1850 0.1600 0.3250 0.0650 0.3800 0.3750 0.2900 0.3100 0.0250 0.3600 0.3700 0.0450 0.2600 0.3150 0.3400 0.4000 0.2750 0.0750 0.2700 0.2850 0.0950 0.1550 0.0150 0.3000 0.3050 0.2050 0.0350 0.2150 0.0200 0.2300 0.0400 0.1900 0.0550 0.1650 0.3850 0.3650 0.2450 0.0500 0.2550 0.0800 0.1250 0.3200 0.1300 0.1150 0.3500 0.0100 0.2000 0.1700 0.1750 0.3300 0.2100 0.0700 0.1400 0.2400
39
0.0027 0.3193 0.0761 0.3818 0.0360 0.3173 0.4658 0.4811 0.0397 0.4421 0.1050 0.0879 0.0357 0.4769 0.0961 0.4375 0.1376 0.1888 0.2604 0.1498 0.1772 0.2367 0.3745 0.1100 0.2507 0.2484 0.2426 0.0621 0.4391 0.3752 0.4674 0.1481 0.2158 0.0346 0.3242 0.2789 0.4237 0.3399 0.1548 0.3034 0.1673 0.4553 0.2006 0.1275 0.4114 0.2059 0.4388 0.3621 0.3006 0.0038 0.4387 0.0699 0.1234 0.3233 0.2969 0.0262 0.2302 0.1077 0.4368 0.2711 0.2046 0.2407 0.2559 0.0707 0.4596 0.2945 0.1534 0.1997 0.1196 0.1942 0.1716 0.2072 0.1901 0.2497 0.2885 0.4381 0.3342 0.4189
31
0.0108 0.0729 0.1806 0.4888 0.4401 0.2888 0.3286 0.4696 0.1260 0.1757 0.1675 0.4776 0.2632 0.1345 0.1675 0.3882 0.2167 0.4398 0.4731 0.4416 0.2236 0.2676 0.2870 0.4704 0.0215 0.2460 0.1935 0.1851 0.4357 0.2352 0.0462 0.0269 0.0056 0.1092 0.2714 0.0285 0.1314 0.4022 0.1503 0.3363 0.0553 0.2487 0.4845 0.3716 0.0035 0.4145 0.0672 0.0913 0.1345 0.0225 0.0998 0.0582 0.4907 0.3969 0.4812 0.3459 0.3562 0.1387 0.4397 0.2942 0.1510 0.0435
40
0.2212 0.0895 0.3967 0.1655 0.3647 0.1518 0.2027 0.1941 0.0480 0.3898 0.0805 0.1085 0.1920 0.1906 0.3836 0.2887 0.1471 0.0757 0.1076 0.2306 0.0307 0.0099 0.0952 0.3934 0.3583 0.3066 0.2606 0.2725 0.1194 0.1157 0.2226 0.1265 0.3937 0.1703 0.2464 0.3181 0.0332 0.3783 0.3973 0.0810 0.0051 0.0852 0.0695 0.1579 0.3934 0.3772 0.0983 0.1189 0.1715 0.2586 0.3127 0.1583 0.1897 0.2559 0.0776 0.2247 0.2259 0.1503 0.3470 0.1306 0.1513 0.3737 0.1286 0.0340 0.1579 0.2798 0.2578 0.2395 0.2186 0.2652 0.2731 0.3019 0.3328 0.3015 0.2464 0.1654 0.1284 0.2818 0.3776 0.2774
14
0.0581 0.0023 0.0136 0.0581 0.0590 0.1408 0.0991 0.1093 0.0423 0.0632 0.3096 0.1151 0.2324 0.3796 0.3465 0.1499 0.1073 0.2101 0.3814 0.2151 0.3350 0.4203 0.1619 0.3824 0.0642 0.4165 0.3254 0.0322
40
1.0000 1.0000 0.0000 0.0000 0.0000 1.0000 1.0000 0.0000 0.0000 0.0000 1.0000 0.0000 1.0000 0.0000 0.0000 1.0000 1.0000 0.0000 1.0000 1.0000 0.0000 1.0000 0.0000 1.0000 1.0000 0.0000 0.0000 1.0000 0.0000 1.0000 1.0000 0.0000 1.0000 0.0000 0.0000 0.0000 1.0000 1.0000 1.0000 1.0000 0.0000 1.0000 0.0000 1.0000 1.0000 1.0000 1.0000 0.0000 0.0000 0.0000 0.0000 1.0000 1.0000 1.0000 1.0000 0.0000 1.0000 0.0000 0.0000 0.0000 1.0000 0.0000 1.0000 0.0000 1.0000 0.0000 1.0000 1.0000 0.0000 0.0000 0.0000 1.0000 0.0000 1.0000 1.0000 0.0000 0.0000 0.0000 0.0000 1.0000
23
0.0390 0.4957 0.4426 0.2518 0.4805 0.2699 0.3690 0.3576 0.3877 0.3676 0.1402 0.3715 0.2525 0.2756 0.3430 0.3881 0.3935 0.0012 0.2232 0.2268 0.1670 0.4591 0.2943 0.1863 0.2128 0.0869 0.3301 0.2294 0.2101 0.3105 0.0335 0.4927 0.2056 0.4624 0.2564 0.1114 0.3190 0.1967 0.3232 0.1317 0.1031 0.1189 0.2257 0.0923 0.3442 0.4150
19
0.3233 0.0836 0.0354 0.4700 0.0429 0.3971 0.3245 0.3575 0.2295 0.0084 0.4650 0.2325 0.1022 0.4423 0.0370 0.3134 0.1538 0.0724 0.1870 0.3131 0.4839 0.1227 0.2551 0.2041 0.1331 0.3212 0.4442 0.1398 0.2078 0.3709 0.1311 0.4566 0.1652 0.2410 0.3915 0.1787 0.0922 0.1259
40
0.0906 0.0377 0.0279 0.1646 0.1175 0.1483 0.3397 0.4000 0.0693 0.0230 0.3608 0.3032 0.1107 0.1350 0.2569 0.3205 0.1304 0.2668 0.0400 0.3637 0.0869 0.2868 0.2747 0.3946 0.0979 0.3805 0.2739 0.2636 0.1508 0.0641 0.3334 0.2199 0.3553 0.2749 0.2419 0.3534 0.3302 0.0524 0.1415 0.1527 0.2298 0.0344 0.2526 0.2294 0.1486 0.3360 0.3337 0.2843 0.1016 0.0020 0.0695 0.1995 0.1282 0.2624 0.0319 0.2559 0.1972 0.1845 0.3221 0.3224 0.1021 0.1895 0.1839 0.3771 0.2325 0.2579 0.0755 0.3130 0.0044 0.1349 0.3671 0.0394 0.3537 0.2672 0.2099 0.2373 0.2582 0.3672 0.0028 0.1672
1
0.0000 0.0000
18
0.2301 0.3030 0.1877 0.3664 0.0469 0.4676 0.2553 0.3736 0.4845 0.2723 0.4420 0.2089 0.2379 0.3538 0.2590 0.2260 0.1758 0.0781 0.3094 0.3851 0.4338 0.4552 0.4519 0.3826 0.0308 0.3677 0.2376 0.1653 0.0609 0.1319 0.2926 0.1086 0.1199 0.0915 0.2107 0.4602
40
0.2272 0.3901 0.3605 0.2568 0.1333 0.1827 0.1481 0.1630 0.1185 0.0148 0.3309 0.1432 0.0494 0.1679 0.3062 0.1037 0.1975 0.1778 0.2519 0.2025 0.0642 0.3457 0.0296 0.2173 0.1728 0.2963 0.1086 0.3012 0.3753 0.0395 0.0889 0.2815 0.1531 0.0543 0.3111 0.0049 0.3407 0.0938 0.1877 0.2370 0.2765 0.0247 0.2716 0.3160 0.0444 0.3654 0.0099 0.2074 0.2420 0.0840 0.3951 0.0198 0.1136 0.3358 0.0593 0.0988 0.2667 0.2617 0.3704 0.0346 0.1926 0.3210 0.2914 0.2469 0.2123 0.3259 0.3556 0.3852 0.2321 0.2864 0.1580 0.0790 0.0741 0.0691 0.3802 0.2222 0.1383 0.3506 0.1235 0.1284
26
0.4843 0.4772 0.0514 0.1862 0.2868 0.0554 0.2472 0.4775 0.4827 0.0582 0.3991 0.0967 0.3232 0.4001 0.2372 0.4101 0.2177 0.1382 0.2924 0.2075 0.3425 0.3046 0.2315 0.0196 0.4619 0.0094 0.0395 0.0870 0.3629 0.2774 0.2455 0.2581 0.3759 0.4796 0.3218 0.2686 0.1739 0.4135 0.0787 0.4323 0.0660 0.1490 0.3713 0.4020 0.4376 0.4878 0.2124 0.1742 0.0019 0.1391 0.0090 0.3155
31
0.2490 0.3065 0.1033 0.0096 0.1140 0.4822 0.4336 0.0661 0.2191 0.4238 0.4437 0.4856 0.0663 0.3430 0.1122 0.1645 0.3201 0.3973 0.4850 0.2443 0.1692 0.3566 0.3454 0.2592 0.1643 0.1770 0.2885 0.2055 0.3219 0.4841 0.3222 0.3608 0.1673 0.1826 0.3179 0.0447 0.2680 0.1939 0.3156 0.4361 0.3433 0.2547 0.0644 0.4314 0.0325 0.3257 0.2693 0.2706 0.1728 0.0443 0.4747 0.2905 0.4090 0.3092 0.2189 0.4192 0.2935 0.3573 0.3179 0.4756 0.1279 0.0209
2
0.5000 0.4999 0.5000 0.4999
25
0.1587 0.2839 0.2656 0.3997 0.0377 0.1342 0.4103 0.0696 0.2189 0.4566 0.4965 0.4726 0.3526 0.1352 0.3450 0.2209 0.4742 0.4550 0.4789 0.3660 0.0289 0.1181 0.2963 0.1584 0.3575 0.3352 0.4207 0.2891 0.0618 0.1793 0.0789 0.1904 0.1710 0.0740 0.3699 0.3731 0.0669 0.4155 0.2445 0.0053 0.3082 0.4141 0.1020 0.2882 0.0589 0.4326 0.2364 0.4058 0.4282 0.4084
39
0.1268 0.2875 0.1289 0.2092 0.4779 0.2642 0.3953 0.4433 0.0222 0.4166 0.2160 0.4122 0.3891 0.0701 0.0307 0.3388 0.3748 0.4168 0.0541 0.3389 0.0407 0.4602 0.1880 0.2036 0.2155 0.0992 0.4454 0.1584 0.1865 0.2343 0.3875 0.0927 0.3689 0.1496 0.0191 0.2330 0.4846 0.2284 0.4715 0.3943 0.0022 0.3738 0.3937 0.4452 0.3034 0.1304 0.4822 0.4695 0.1914 0.0426 0.2917 0.1794 0.4099 0.1542 0.2667 0.3307 0.4163 0.1179 0.2228 0.2486 0.0846 0.0442 0.1025 0.4040 0.0195 0.1371 0.4072 0.0456 0.2128 0.0703 0.4646 0.0780 0.2110 0.3728 0.1922 0.0887 0.0680 0.1094
30
0.5014 0.4988 0.4974 0.5024 0.4978 0.5023 0.5004 0.4997 0.5002 0.4979 0.4970 0.4989 0.4998 0.4985 0.5018 0.4972 0.4981 0.4973 0.5011 0.4991 0.5026 0.5016 0.5025 0.4992 0.5028 0.5020 0.4971 0.5000 0.5009 0.5008 0.4987 0.4983 0.5001 0.5029 0.5005 0.4975 0.4994 0.4980 0.5013 0.4986 0.5027 0.5010 0.5003 0.4996 0.5012 0.4982 0.5015 0.4999 0.5021 0.4984 0.4990 0.5006 0.4976 0.5022 0.4977 0.5017 0.5007 0.4995 0.4993 0.5019
40
0.1194 0.1916 0.3873 0.3471 0.3810 0.0664 0.3879 0.3800 0.2746 0.3436 0.2502 0.0287 0.3713 0.1101 0.3144 0.0516 0.2389 0.2238 0.0443 0.3873 0.3222 0.1547 0.1519 0.0694 0.3156 0.1389 0.3198 0.2415 0.3197 0.1352 0.0080 0.0084 0.0145 0.2522 0.1542 0.1887 0.0056 0.3934 0.1613 0.1964 0.2698 0.3951 0.3297 0.2988 0.0307 0.2709 0.0867 0.0027 0.1273 0.1472 0.3433 0.2116 0.1467 0.3311 0.0592 0.1945 0.1760 0.2552 0.3321 0.1249 0.0119 0.1800 0.0912 0.2378 0.2033 0.1882 0.2696 0.2940 0.1294 0.0638 0.3071 0.3428 0.0684 0.3110 0.1304 0.0093 0.1092 0.2891 0.3417 0.2524
1
0.1234 0.9876
40
0.1288 0.3623 0.2831 0.3748 0.1874 0.0336 0.1684 0.2529 0.0281 0.3522 0.3842 0.0487 0.1987 0.0959 0.0559 0.3231 0.1338 0.1596 0.3680 0.3959 0.0243 0.0736 0.0432 0.0439 0.1229 0.0679 0.1178 0.0375 0.3250 0.3505 0.1085 0.2498 0.3794 0.2951 0.3169 0.0626 0.1227 0.3450 0.3562 0.2365 0.0509 0.3552 0.2099 0.2852 0.0665 0.0737 0.2764 0.0755 0.3155 0.3542 0.0447 0.3874 0.0742 0.2027 0.3739 0.2852 0.2793 0.3128 0.3795 0.3913 0.3611 0.2850 0.3612 0.1555 0.0593 0.2576 0.1863 0.0706 0.1544 0.3933 0.0079 0.2414 0.1262 0.2470 0.3594 0.3375 0.2372 0.2942 0.3996 0.3637
1
1.0000 0.0000
6
0.0571 0.1698 0.2638 0.0550 0.2844 0.0550 0.3474 0.1298 0.3039 0.3613 0.1702 0.3382
40
0.2507 0.2518 0.2470 0.2469 0.2486 0.2462 0.2494 0.2517 0.2464 0.2492 0.2485 0.2509 0.2512 0.2487 0.2538 0.2505 0.2474 0.2484 0.2460 0.2465 0.2503 0.2498 0.2508 0.2468 0.2521 0.2513 0.2481 0.2488 0.2527 0.2515 0.2511 0.2501 0.2523 0.2463 0.2475 0.2483 0.2537 0.2514 0.2525 0.2471 0.2473 0.2479 0.2500 0.2535 0.2534 0.2490 0.2531 0.2504 0.2466 0.2530 0.2477 0.2495 0.2528 0.2480 0.2520 0.2516 0.2529 0.2532 0.2533 0.2489 1.0000 0.2472 0.2506 0.2502 0.2482 0.2499 0.2526 0.2478 0.2519 0.2522 0.2467 0.2497 0.2491 0.2476 0.2461 0.2493 0.2536 0.2496 0.2510 0.2524
20
0.3116 0.2137 0.2323 0.2904 0.2236 0.4590 0.3490 0.3341 0.0319 0.0345 0.4447 0.2596 0.4787 0.2478 0.3687 0.3928 0.0228 0.4788 0.1541 0.2875 0.4506 0.4027 0.1238 0.0676 0.1786 0.3375 0.3869 0.3308 0.1507 0.0470 0.3182 0.3786 0.0387 0.2511 0.0602 0.0404 0.0948 0.3291 0.4105 0.2393
40
0.1984 0.2980 0.0507 0.1970 0.1612 0.0585 0.0665 0.3868 0.3348 0.2905 0.2654 0.1611 0.2471 0.2927 0.2649 0.1566 0.3341 0.0464 0.1400 0.1473 0.0522 0.0441 0.2775 0.3323 0.0747 0.3298 0.1991 0.1332 0.2771 0.4000 0.0688 0.3484 0.1776 0.3175 0.0008 0.2445 0.0748 0.2042 0.3259 0.1942 0.0297 0.2628 0.3908 0.0622 0.2585 0.3885 0.1364 0.3660 0.0218 0.2096 0.2001 0.1833 0.1279 0.2016 0.0446 0.0397 0.2091 0.1390 0.1509 0.3642 0.1886 0.2872 0.1569 0.0652 0.3551 0.2076 0.0909 0.0380 0.3486 0.1869 0.0334 0.3651 0.1689 0.3454 0.1174 0.0838 0.2568 0.1549 0.3004 0.1041
40
0.0000 0.0000 1.0000 0.0000 0.0000 0.0000 0.0000 1.0000 1.0000 0.0000 1.0000 0.0000 0.0000 0.0000 0.0000 1.0000 1.0000 1.0000 1.0000 0.0000 0.0000 1.0000 1.0000 0.0000 0.0000 1.0000 0.0000 0.0000 1.0000 1.0000 0.0000 0.0000 0.0000 1.0000 1.0000 1.0000 0.0000 0.0000 0.0000 1.0000 0.0000 1.0000 1.0000 0.0000 0.0000 0.0000 1.0000 0.0000 0.0000 0.0000 1.0000 1.0000 1.0000 0.0000 0.0000 0.0000 0.0000 1.0000 1.0000 1.0000 1.0000 0.0000 1.0000 1.0000 1.0000 1.0000 0.0000 1.0000 1.0000 1.0000 1.0000 1.0000 0.0000 1.0000 1.0000 1.0000 1.0000 1.0000 0.0000 0.0000
12
0.2016 0.4181 0.1770 0.1798 0.3543 0.4120 0.4237 0.1802 0.3763 0.2425 0.4176 0.2097 0.3341 0.0740 0.0215 0.2459 0.1015 0.3222 0.4114 0.4516 0.3817 0.3173 0.2504 0.0505
28
0.2073 0.0925 0.1033 0.2882 0.4807 0.0277 0.4167 0.4955 0.3572 0.4460 0.1571 0.0045 0.3153 0.2469 0.1366 0.1455 0.1602 0.3629 0.0886 0.1648 0.2943 0.3725 0.0898 0.4507 0.0394 0.4977 0.1232 0.0656 0.0105 0.1279 0.4052 0.4012 0.0014 0.1634 0.0203 0.0633 0.4389 0.3996 0.0152 0.3429 0.3484 0.1935 0.3482 0.3336 0.2971 0.0895 0.1048 0.2485 0.1887 0.0785 0.3109 0.2588 0.1711 0.4910 0.0483 0.1053
3
0.0264 0.2559 0.1654 0.1902 0.0831 0.3960
32
0.1704 0.0147 0.2245 0.4859 0.4787 0.1879 0.2746 0.1910 0.2744 0.4477 0.0637 0.3952 0.1108 0.0617 0.4881 0.4781 0.4738 0.2307 0.1129 0.1803 0.2848 0.4087 0.4942 0.2653 0.0115 0.1351 0.1829 0.2393 0.1792 0.4456 0.1022 0.3304 0.3777 0.4513 0.1398 0.2474 0.0624 0.1725 0.0936 0.1780 0.0831 0.4088 0.2006 0.0734 0.2539 0.2751 0.2671 0.4181 0.3560 0.2843 0.0557 0.4409 0.2191 0.4044 0.2193 0.3106 0.2872 0.0610 0.1408 0.0095 0.3046 0.2966 0.1086 0.4940
40
0.1238 0.1238 0.1239 0.1236 0.1236 0.1230 0.1239 0.1236 0.1235 0.1237 0.1230 0.1234 0.1231 0.1238 0.1235 0.1238 0.1235 0.1231 0.1237 0.1237 0.1238 0.1238 0.1232 0.1239 0.1230 0.1230 0.1231 0.1238 0.1233 0.1233 0.1232 0.1231 0.1231 0.1238 0.1237 0.1237 0.1235 0.1235 0.1231 0.1234 0.1235 0.1233 0.1238 0.1237 0.1236 0.1238 0.1238 0.1239 0.1234 0.1233 0.1230 0.1236 0.1238 0.1237 0.1235 0.1231 0.1235 0.1238 0.1234 0.1232 0.1230 0.1237 0.1234 0.1230 0.1230 0.1234 0.1230 0.1239 0.1238 0.1235 0.1235 0.1239 0.1232 0.1233 0.1232 0.1234 0.1238 0.1237 0.1235 0.1233
30
0.0204 0.0633 0.4164 0.1058 0.3179 0.1887 0.3745 0.1213 0.2122 0.4683 0.0561 0.4916 0.1923 0.3327 0.4021 0.4782 0.1575 0.2932 0.0087 0.3652 0.4485 0.4638 0.2440 0.0352 0.4927 0.3598 0.0324 0.2095 0.4311 0.2138 0.3191 0.3343 0.4324 0.2917 0.3972 0.1253 0.2128 0.1656 0.3941 0.3964 0.0967 0.0587 0.4894 0.1721 0.3498 0.2411 0.0676 0.3404 0.0219 0.0567 0.4856 0.3477 0.0708 0.0338 0.0355 0.0253 0.2083 0.1711 0.0942 0.1560
10
0.0175 0.1148 0.4310 0.3096 0.2593 0.0125 0.0896 0.4026 0.0229 0.2870 0.2166 0.1555 0.0830 0.4423 0.0831 0.1626 0.2930 0.2986 0.0950 0.2342
38
0.3736 0.2968 0.1981 0.0674 0.3567 0.1117 0.0786 0.4509 0.3020 0.4928 0.3236 0.3876 0.1698 0.1698 0.1454 0.1749 0.1646 0.0488 0.4133 0.1805 0.0642 0.4160 0.1196 0.2839 0.2454 0.4829 0.1307 0.1398 0.4003 0.3020 0.1719 0.1785 0.0740 0.2062 0.4614 0.1061 0.3035 0.0482 0.4000 0.1306 0.0576 0.3923 0.1726 0.4779 0.4209 0.4857 0.1739 0.2055 0.4124 0.0935 0.0903 0.3916 0.0182 0.1473 0.0311 0.1803 0.4004 0.3229 0.2531 0.4681 0.0616 0.2941 0.4403 0.3261 0.0680 0.2346 0.1719 0.4106 0.1439 0.5000 0.3665 0.4111 0.3916 0.2344 0.1561 0.0055
40
0.1230 0.1236 0.1234 0.1239 0.1231 0.1236 0.1233 0.1230 0.1232 0.1233 0.1234 0.1230 0.1232 0.1230 0.1237 0.1237 0.1230 0.1237 0.1232 0.1238 0.1233 0.1231 0.1235 0.1230 0.1230 0.1238 0.1238 0.1230 0.1238 0.1236 0.1233 0.1233 0.1239 0.1236 0.1234 0.1236 0.1238 0.1231 0.1236 0.1234 0.1230 0.1239 0.1238 0.1238 0.1232 0.1234 0.1231 0.1233 0.1238 0.1239 0.1239 0.1232 0.1237 0.1234 0.1233 0.1233 0.1233 0.1231 0.1238 0.1239 0.1234 0.1235 0.1237 0.1235 0.1232 0.1236 0.1234 0.1237 0.1238 0.1234 0.1234 0.1234 0.1232 0.1231 0.1233 0.1233 0.1235 0.1231 0.1237 0.1239
40
0.2008 0.2006 0.2007 0.2008 0.2008 0.2007 0.2009 0.2009 0.2005 0.2005 0.2004 0.2006 0.2006 0.2006 0.2003 0.2005 0.2006 0.2007 0.2008 0.2005 0.2007 0.2008 0.2007 0.2004 0.2002 0.2004 0.2007 0.2006 0.2008 0.2008 0.2008 0.2008 0.2007 0.2005 0.2007 0.2007 0.2001 0.2009 0.2004 0.2008 0.2006 0.2005 0.2006 0.2006 0.2008 0.2008 0.2004 0.2003 0.2004 0.2003 0.2007 0.2001 0.2007 0.2003 0.2002 0.2007 0.2005 0.2008 0.2009 0.2006 0.2002 0.2004 0.2000 0.2008 0.2008 0.2005 0.2009 0.2004 0.2008 0.2007 0.2006 0.2005 0.2003 0.2005 0.2009 0.2002 0.2009 0.2006 0.2007 0.2003
13
0.1331 0.2485 0.2979 0.2688 0.2734 0.0566 0.0309 0.0043 0.1092 0.2234 0.3277 0.3927 0.1252 0.1761 0.3106 0.2195 0.4747 0.0626 0.2165 0.1417 0.0578 0.3055 0.1581 0.2684 0.1433 0.0482
31
0.4978 0.2275 0.0556 0.2345 0.0278 0.2256 0.2666 0.2694 0.0546 0.4854 0.3297 0.1628 0.3709 0.2388 0.2800 0.2701 0.2534 0.4228 0.3115 0.0025 0.0523 0.3438 0.0086 0.0385 0.3155 0.0812 0.1925 0.4912 0.1829 0.1187 0.4683 0.2781 0.3246 0.2369 0.0158 0.1247 0.4896 0.0708 0.3927 0.3522 0.1460 0.4295 0.4458 0.2589 0.2118 0.1557 0.2973 0.2428 0.0932 0.3229 0.3442 0.2361 0.2630 0.4465 0.1992 0.2735 0.2720 0.4001 0.3814 0.2653 0.3345 0.0903
30
0.3198 0.0764 0.0621 0.3156 0.1820 0.2206 0.2598 0.1918 0.1528 0.1302 0.1977 0.3813 0.0073 0.4109 0.2180 0.0648 0.4255 0.0187 0.4836 0.4651 0.4051 0.2609 0.4571 0.3669 0.3273 0.0171 0.2430 0.2996 0.1031 0.2793 0.4420 0.3737 0.3194 0.3331 0.4790 0.4116 0.4115 0.1784 0.1881 0.3435 0.2234 0.3913 0.4713 0.3624 0.4818 0.0879 0.4344 0.3425 0.2265 0.4138 0.1163 0.2399 0.0926 0.1762 0.3455 0.3654 0.4411 0.4689 0.2734 0.4272
