100
2
0.2500 0.5000 0.5000 0.2500
3
0.0000 0.0000 0.0000 0.0009 0.0013 0.1776
1
1.0000 0.1234
1
0.0000 0.0000
4
0.3996 0.3998 0.4004 0.4004 0.3995 0.4004 0.4000 0.3997
2
0.9998 0.9997 0.9999 1.0000
4
0.3569 0.9864 0.7131 0.8943 0.1381 0.3277 0.7051 0.4171
4
0.9301 0.5323 0.4814 0.1857 0.4135 0.5359 0.2523 0.7262
4
0.4998 0.4997 0.4999 0.4998 0.4996 0.4997 0.4999 0.4996
4
0.3996 0.3997 0.3995 0.3998 0.4001 0.4001 0.3996 0.3997
2
0.0758 0.1962 0.1006 0.6836
4
0.0455 0.1405 0.9240 0.6440 0.9797 0.4709 0.5223 0.2534
3
0.7559 0.2768 0.5865 0.3762 0.7885 0.1149
2
0.5000 0.5000 0.4999 0.4999
3
0.5232 0.4546 0.6754 0.6040 0.4315 0.8006
3
0.2514 0.4651 0.3640 0.3431 0.6586 0.9249
4
0.1243 0.8782 0.9140 0.1805 0.7185 0.2110 0.9004 0.7235
4
0.4998 0.4996 0.4999 0.5001 0.5000 0.5002 0.5003 0.4997
2
0.4626 0.8731 0.1177 0.9021
4
0.6250 0.2583 0.9110 0.6469 0.8739 0.8028 0.5092 0.1872
3
0.1647 0.7702 0.2659 0.6485 0.9042 0.9961
2
0.0472 0.7525 0.2028 0.2969
4
0.4003 0.3996 0.3996 0.3996 0.4000 0.3995 0.4003 0.4000
2
0.3265 0.7853 0.4139 0.9637
4
0.9810 0.9810 0.9810 0.9810 0.9810 0.9810 0.9810 0.9810
2
0.2272 0.6850 0.4610 0.3479
3
0.7833 0.0223 0.2742 0.7665 0.6773 0.1642
4
0.4238 0.3245 0.2032 0.8330 0.4582 0.3203 0.4212 0.8699
2
0.9999 1.0000 1.0000 1.0000
3
0.1038 0.2535 0.7126 0.1888 0.8121 0.4387
4
0.6275 0.5045 0.2134 0.7291 0.6799 0.9395 0.4071 0.5595
3
0.3668 0.6807 0.7340 0.9747 0.7230 0.4488
2
0.3468 0.3246 0.7219 0.3188
2
0.7828 0.4229 0.1871 0.8840
4
0.0007 0.0007 0.0007 0.0007 0.0007 0.0007 0.0007 0.0007
4
0.7776 0.7442 0.9898 0.2185 0.5582 0.0562 0.5797 0.1773
4
0.6177 0.8613 0.2859 0.1959 0.5470 0.6930 0.7612 0.4669
2
0.5151 0.9576 0.9519 0.3882
4
0.2546 0.9385 0.6197 0.0409 0.2459 0.9656 0.9615 0.8557
4
0.3540 0.4458 0.6778 0.4701 0.1460 0.1349 0.0949 0.4225
3
0.1749 0.2277 0.4713 0.3177 0.3857 0.5015
4
0.8018 0.1756 0.1327 0.6982 0.5664 0.7761 0.4181 0.4542
4
0.0066 0.1079 0.2404 0.4974 0.1362 0.9479 0.0891 0.4492
4
0.5379 0.2462 0.0303 0.2790 0.8005 0.3121 0.4520 0.0058
4
0.1741 0.1981 0.6403 0.3220 0.6771 0.2401 0.8231 0.6182
1
1.0000 1.0000
4
0.4490 0.9769 0.6317 0.8401 0.8230 0.8770 0.9007 0.5070
2
0.1576 0.7610 0.9305 0.1536
3
0.1503 0.6518 0.3069 0.4599 0.2253 0.7241
4
0.3989 0.3989 0.3989 0.3989 0.3989 0.3989 0.3989 0.3989
4
0.4004 0.4002 0.4001 0.3998 0.4000 0.4005 0.4000 0.3998
2
0.6204 0.6788 0.7049 0.3294
2
0.9862 0.1907 0.5266 0.0906
4
0.1004 0.7072 0.2119 0.7224 0.1648 0.6747 0.6194 0.9025
3
0.8653 0.6537 0.4571 0.7533 0.3395 0.8544
4
0.5000 1.0000 0.2000 0.4000 0.1000 0.6000 0.7000 0.3000
4
0.0001 0.0001 0.0001 0.0001 0.0001 0.0001 0.0001 0.0001
4
0.4658 0.2154 0.5235 0.0566 0.5781 0.7106 0.4969 0.1691
4
0.3000 0.4000 0.2000 0.7000 0.6000 0.5000 0.0000 0.1000
4
0.5000 0.5000 0.6000 0.6000 0.4000 0.6000 0.4000 0.4000
3
0.2079 0.8168 0.5972 0.9795 0.1904 0.9269
4
0.4996 1.0000 0.4997 0.4998 0.5002 0.4999 0.5001 0.5000
1
1.0000 0.0000
4
0.3505 0.8525 0.6227 0.5092 0.2434 0.7144 0.5299 0.0907
4
1.0000 1.0000 1.0000 0.0000 1.0000 1.0000 0.0000 0.0000
2
0.0140 0.6288 0.5901 0.9024
4
0.3526 0.1515 0.4007 0.8012 0.7341 0.7298 0.3361 0.1028
3
0.7916 0.3476 0.1687 0.4442 0.9953 0.1371
2
0.5001 0.5000 0.5000 0.4999
2
0.4999 0.5001 0.5000 0.5002
3
0.0440 0.3062 0.8433 0.1927 0.0312 0.8166
3
0.0512 0.1105 0.7241 0.9521 0.5863 0.3103
4
0.7466 0.2535 0.1472 0.0753 0.3166 0.5460 0.1358 0.1385
4
0.1662 0.2965 0.8844 0.5056 0.5523 0.5879 0.5846 0.4803
3
0.8485 0.6928 0.4482 0.0413 0.4133 0.1735
4
0.6003 0.2456 0.9653 0.5698 0.4362 0.4229 0.6426 0.2314
4
0.0998 0.8816 0.1455 0.9156 0.1755 0.1185 0.2922 0.3006
2
0.4340 0.0639 0.2753 0.2511
4
0.4996 0.4997 0.4998 0.0000 0.5002 0.5001 0.5000 0.4999
4
0.6151 0.3752 0.7947 0.7594 0.5488 0.7500 0.7978 0.8908
4
0.0263 0.7701 0.7251 0.0691 0.0720 0.8803 0.1961 0.5985
3
0.0134 0.3844 0.5002 0.0233 0.2710 0.3332
4
0.1505 0.3308 0.9121 0.9669 0.7061 0.8241 0.0617 0.5598
2
0.1713 0.9869 0.2588 0.6218
2
0.0000 0.5000 0.5000 1.0000
4
0.6659 0.8642 0.0713 0.5512 0.6776 0.8124 0.7283 0.0050
3
0.4987 0.9865 0.0487 0.0860 0.3831 0.0156
1
0.1234 0.9876
4
1.0000 1.0000 0.0000 1.0000 0.0000 1.0000 0.0000 0.0000
3
0.1278 0.1463 0.1865 0.2144 0.4536 0.6103
2
1.0000 0.9999 1.0000 0.9999
4
0.8521 0.8431 0.1186 0.9872 0.6561 0.3794 0.0785 0.3216
4
0.6999 0.8375 0.6159 0.8464 0.7006 0.4991 0.9095 0.9145
3
0.6983 0.1147 0.1781 0.7303 0.6441 0.6186
3
0.7237 0.5275 0.3187 0.8411 0.8770 0.6516
4
0.3996 0.3999 0.3996 0.4005 0.4000 0.3998 0.3999 0.3996
4
0.0673 0.3974 0.3503 0.8493 0.3188 0.5796 0.5594 0.0534
2
0.4924 0.3025 0.7811 0.9111
2
0.0001 0.0004 0.0003 0.0002
4
0.1111 0.3333 0.2222 0.7778 0.8889 0.6667 0.4444 0.5556
